1.000000000 -0.000000000 0.000000000 -0.000000000 -0.000000000 1.000000000 0.000000000 0.000000030 0.000000000 0.000000000 1.000000000 0.000000000
0.999991536 -0.002397540 -0.003337823 -0.003733737 0.002390226 0.999994755 -0.002193641 -0.005238845 0.003343065 0.002185645 0.999992013 0.664252698
0.999971271 -0.001075588 -0.007499807 -0.012770304 0.001048678 0.999993026 -0.003591104 -0.010520492 0.007503617 0.003583136 0.999965429 1.358566761
0.999937177 -0.001425174 -0.011121269 -0.028053775 0.001369894 0.999986708 -0.004976634 -0.012992867 0.011128212 0.004961086 0.999925673 2.069984198
0.999872804 -0.000057508 -0.015946021 -0.045841847 -0.000032466 0.999984026 -0.005642074 -0.016150327 0.015946086 0.005641873 0.999856889 2.791993141
0.999794900 -0.000655550 -0.020238142 -0.065347008 0.000534921 0.999981999 -0.005965313 -0.023875341 0.020241687 0.005953263 0.999777436 3.539318323
0.999690652 0.000752237 -0.024857856 -0.087735713 -0.000927810 0.999974728 -0.007052283 -0.033279136 0.024851928 0.007073165 0.999666095 4.287868977
0.999553502 0.003263654 -0.029696684 -0.120756447 -0.003496531 0.999963522 -0.007793312 -0.037354883 0.029670168 0.007893668 0.999528468 5.055998802
0.999408484 0.004090828 -0.034146644 -0.149154231 -0.004301126 0.999972105 -0.006087475 -0.049852915 0.034120791 0.006230743 0.999398291 5.845216274
0.999241471 0.003503911 -0.038783178 -0.184333175 -0.003649767 0.999986470 -0.003690646 -0.052266553 0.038769711 0.003829396 0.999240875 6.646758556
0.999120355 0.003247591 -0.041809071 -0.226180241 -0.003278345 0.999994397 -0.000667033 -0.065475896 0.041806672 0.000803511 0.999125361 7.451360703
0.998996019 0.004325323 -0.044593010 -0.264504254 -0.004398374 0.999989212 -0.001540171 -0.074406795 0.044585858 0.001734761 0.999004006 8.266433716
0.998907089 0.003714956 -0.046591952 -0.311994940 -0.003792726 0.999991655 -0.001580880 -0.081922978 0.046585675 0.001755862 0.998912752 9.085950851
0.998849809 0.001195602 -0.047934446 -0.359734327 -0.001308324 0.999996543 -0.002320265 -0.087158278 0.047931496 0.002380310 0.998847842 9.910636902
0.998710096 0.000546297 -0.050771881 -0.389035255 -0.000621401 0.999998689 -0.001463451 -0.094845310 0.050771017 0.001493113 0.998709321 10.769020081
0.998632848 -0.000880477 -0.052263971 -0.436571002 0.000785284 0.999997973 -0.001841897 -0.102113172 0.052265480 0.001798337 0.998631597 11.623004913
0.998536110 0.001364235 -0.054070450 -0.488179624 -0.001583568 0.999990702 -0.004013797 -0.112764969 0.054064479 0.004093546 0.998529077 12.476182938
0.998468161 0.001996585 -0.055294577 -0.539937019 -0.002375389 0.999974072 -0.006785779 -0.120436363 0.055279605 0.006906729 0.998446941 13.343517303
0.998360634 0.005660515 -0.056955490 -0.598724842 -0.006136155 0.999947667 -0.008179676 -0.135504201 0.056906216 0.008515755 0.998343170 14.219459534
0.998291373 0.007121954 -0.057996206 -0.655904293 -0.007589728 0.999940395 -0.007849323 -0.147196725 0.057936843 0.008276085 0.998285830 15.109657288
0.998196542 0.005996567 -0.059730459 -0.704200387 -0.006382369 0.999960124 -0.006270367 -0.160539061 0.059690464 0.006640281 0.998194814 16.007749557
0.998124480 0.006863625 -0.060830899 -0.768085241 -0.007185961 0.999961376 -0.005081703 -0.169755399 0.060793653 0.005509302 0.998135149 16.905794144
0.998045623 0.006169131 -0.062183425 -0.823516846 -0.006492403 0.999966443 -0.004997951 -0.184893832 0.062150490 0.005391903 0.998052180 17.812335968
0.997956812 0.006000677 -0.063608848 -0.884260893 -0.006369948 0.999964058 -0.005604115 -0.202430636 0.063572928 0.005997850 0.997959137 18.714195251
0.997904122 0.004451017 -0.064556919 -0.948929310 -0.004855636 0.999969542 -0.006112068 -0.216641292 0.064527743 0.006412722 0.997895300 19.628953934
0.997854948 0.004121792 -0.065333329 -1.005808234 -0.004430419 0.999979734 -0.004579714 -0.226006895 0.065313131 0.004859344 0.997853041 20.550539017
0.997852147 0.006301065 -0.065202631 -1.069254279 -0.006395680 0.999978900 -0.001242448 -0.238495633 0.065193400 0.001656794 0.997871280 21.469711304
0.997914314 0.007182281 -0.064152293 -1.135180950 -0.007030052 0.999971926 0.002598361 -0.247929633 0.064169161 -0.002141947 0.997936726 22.401681900
0.998022735 0.006482062 -0.062518567 -1.197962999 -0.006156890 0.999966562 0.005392445 -0.253900945 0.062551409 -0.004996863 0.998029232 23.328660965
0.998113751 0.006220767 -0.061075840 -1.258311987 -0.005853354 0.999963701 0.006192769 -0.259931207 0.061112154 -0.005823589 0.998113930 24.276124954
0.998187482 0.006630108 -0.059814736 -1.314367056 -0.006452939 0.999974191 0.003154645 -0.265242219 0.059834115 -0.002762946 0.998204470 25.220289230
0.998223841 0.007169823 -0.059142489 -1.372235656 -0.007283633 0.999971986 -0.001708963 -0.268841267 0.059128597 0.002136701 0.998248041 26.161733627
0.998303354 0.006591841 -0.057852048 -1.423312426 -0.006844986 0.999967813 -0.004178620 -0.287854433 0.057822648 0.004567528 0.998316467 27.108078003
0.998343468 0.003691428 -0.057416871 -1.473536372 -0.003877523 0.999987602 -0.003130022 -0.298039436 0.057404593 0.003347472 0.998345494 28.066366196
0.998357236 0.002018510 -0.057258647 -1.538182735 -0.001919251 0.999996603 0.001788496 -0.305961668 0.057262048 -0.001675664 0.998357892 29.045404434
0.998340487 -0.000338582 -0.057585802 -1.603515506 0.000635821 0.999986589 0.005143417 -0.321868509 0.057583284 -0.005171495 0.998327196 29.998811722
0.998237073 -0.007684584 -0.058851991 -1.651606441 0.007966268 0.999957919 0.004553191 -0.328562915 0.058814526 -0.005013995 0.998256266 30.974994659
0.998136342 -0.009436344 -0.060289405 -1.708435893 0.009475678 0.999954998 0.000366560 -0.331146121 0.060283240 -0.000937160 0.998180807 31.948823929
0.998053789 -0.009365443 -0.061654013 -1.770177484 0.009150727 0.999951065 -0.003764027 -0.336078227 0.061686251 0.003192521 0.998090506 32.925041199
0.997930825 -0.008442213 -0.063739404 -1.841360450 0.008223574 0.999959350 -0.003691767 -0.357528389 0.063767985 0.003159962 0.997959733 33.907772064
0.997857511 -0.008862839 -0.064821124 -1.901036024 0.008737057 0.999959409 -0.002223635 -0.367942661 0.064838201 0.001652524 0.997894406 34.906536102
0.997828186 -0.005148957 -0.065668479 -1.979227066 0.005182070 0.999986470 0.000333918 -0.382764518 0.065665871 -0.000673491 0.997841358 35.892688751
0.997743547 -0.005028918 -0.066950396 -2.042165279 0.005155288 0.999985278 0.001714870 -0.396159083 0.066940777 -0.002056149 0.997754812 36.880439758
0.997669637 -0.003783291 -0.068123907 -2.111349583 0.004066379 0.999983728 0.004017290 -0.402074724 0.068107590 -0.004284945 0.997668803 37.877628326
0.997693539 -0.003237766 -0.067801289 -2.174525976 0.003733437 0.999967337 0.007185209 -0.417395622 0.067775801 -0.007421767 0.997672975 38.855785370
0.997677267 0.002095483 -0.068085246 -2.260829449 -0.001439692 0.999952197 0.009679576 -0.420835078 0.068102293 -0.009559071 0.997632623 39.846321106
0.997662127 0.002132548 -0.068305388 -2.338416576 -0.001520814 0.999958336 0.009006630 -0.423997909 0.068321727 -0.008881692 0.997623801 40.859035492
0.997669697 0.001901602 -0.068202257 -2.410456896 -0.001390442 0.999970615 0.007541451 -0.428609818 0.068214580 -0.007429044 0.997642994 41.852218628
0.997660935 0.004498353 -0.068207383 -2.486917019 -0.004161490 0.999978542 0.005080090 -0.434380770 0.068228751 -0.004784365 0.997658193 42.864837646
0.997584641 0.003826300 -0.069356032 -2.543273449 -0.003494788 0.999981880 0.004900564 -0.438419402 0.069373518 -0.004646343 0.997579873 43.831378937
0.997518420 0.002117177 -0.070373490 -2.616883516 -0.001663661 0.999977410 0.006502400 -0.449703276 0.070385665 -0.006369187 0.997499406 44.814338684
0.997464657 0.002836116 -0.071106732 -2.687908649 -0.002296963 0.999967992 0.007662931 -0.463281214 0.071126170 -0.007480173 0.997439206 45.785861969
0.997423649 0.004017573 -0.071623042 -2.755686522 -0.003724803 0.999984205 0.004220767 -0.470516741 0.071638860 -0.003943111 0.997422934 46.751491547
0.997344613 0.004397922 -0.072693437 -2.830753803 -0.004403011 0.999990404 0.000090254 -0.476917714 0.072693147 0.000230054 0.997354269 47.720001221
0.997315943 0.005630424 -0.073001087 -2.910484791 -0.005729964 0.999983013 -0.001154175 -0.485104859 0.072993338 0.001569371 0.997331142 48.676696777
0.997329772 0.004369363 -0.072898440 -2.990890503 -0.004174391 0.999987423 0.002826713 -0.504563510 0.072909862 -0.002514859 0.997335315 49.656707764
0.997295260 0.002073353 -0.073471621 -3.050308943 -0.001673682 0.999983490 0.005500945 -0.512804329 0.073481821 -0.005363097 0.997282088 50.614723206
0.997297823 0.000450995 -0.073463470 -3.126159668 0.000019846 0.999979496 0.006408326 -0.524910867 0.073464863 -0.006392468 0.997277260 51.576221466
0.997251034 -0.003008612 -0.074036501 -3.192495584 0.003394419 0.999981344 0.005085752 -0.533475280 0.074019827 -0.005323083 0.997242510 52.536766052
0.997228742 -0.006481497 -0.074112982 -3.260006666 0.006800370 0.999968708 0.004050993 -0.542464972 0.074084379 -0.004543762 0.997241616 53.480529785
0.997149110 -0.007875252 -0.075043835 -3.330852747 0.008305928 0.999950886 0.005428656 -0.554606676 0.074997373 -0.006036487 0.997165442 54.430717468
0.997025847 -0.011709486 -0.076172881 -3.403094530 0.012474325 0.999876440 0.009572769 -0.557327926 0.076051369 -0.010494501 0.997048676 55.384483337
0.996985793 -0.011296977 -0.076757520 -3.475122213 0.012427898 0.999820948 0.014271964 -0.562534750 0.076582551 -0.015182883 0.996947587 56.315738678
0.996977866 -0.009347549 -0.077120893 -3.556714773 0.010629004 0.999811888 0.016222451 -0.560240924 0.076954745 -0.016993145 0.996889770 57.263099670
0.996864855 -0.008223005 -0.078693375 -3.633731842 0.009204985 0.999884129 0.012123944 -0.560663342 0.078584567 -0.012810306 0.996825099 58.200946808
0.996776998 -0.006664103 -0.079945117 -3.713999748 0.007046272 0.999965072 0.004499223 -0.569502175 0.079912350 -0.005048038 0.996789038 59.108432770
0.996714413 -0.005095812 -0.080835208 -3.791161537 0.005110405 0.999986947 -0.000026354 -0.580838561 0.080834299 -0.000386833 0.996727467 60.023338318
0.996674001 0.000082307 -0.081491977 -3.877869129 -0.000030923 0.999999821 0.000631811 -0.589453161 0.081492022 -0.000627189 0.996673763 60.923004150
0.996543646 0.002803336 -0.083023496 -3.959361553 -0.002557489 0.999992073 0.003067366 -0.602780700 0.083031431 -0.002844432 0.996542811 61.822731018
0.996454179 0.005283328 -0.083970107 -4.038269997 -0.004902607 0.999976754 0.004739558 -0.620975852 0.083993189 -0.004311080 0.996456921 62.702121735
0.996352553 0.005970425 -0.085122183 -4.115965843 -0.005616295 0.999974549 0.004399126 -0.628360689 0.085146278 -0.003905008 0.996360719 63.567516327
0.996222496 0.007920710 -0.086475320 -4.198143959 -0.007479733 0.999957323 0.005422298 -0.637883186 0.086514577 -0.004755003 0.996239245 64.414978027
0.996077061 0.008850884 -0.088046946 -4.276367188 -0.008360365 0.999947369 0.005938343 -0.647968769 0.088094883 -0.005178942 0.996098638 65.258781433
0.995978177 0.008433972 -0.089198902 -4.351347923 -0.007881300 0.999947548 0.006546351 -0.660572648 0.089249425 -0.005817018 0.995992303 66.073516846
0.995898008 0.008051979 -0.090124853 -4.427891254 -0.007408590 0.999944687 0.007471135 -0.664275289 0.090180039 -0.006772789 0.995902419 66.879356384
0.995712578 0.011295104 -0.091809504 -4.503103256 -0.010390411 0.999892712 0.010326060 -0.673473716 0.091916271 -0.009327848 0.995723009 67.683319092
0.995565236 0.012842354 -0.093193389 -4.579380035 -0.011543459 0.999828756 0.014463352 -0.678502917 0.093363173 -0.013323437 0.995542943 68.474235535
0.995383441 0.015965747 -0.094640501 -4.667140961 -0.014494107 0.999763429 0.016216930 -0.682572961 0.094877042 -0.014770335 0.995379388 69.251304626
0.995213091 0.018989192 -0.095866151 -4.749136448 -0.017923877 0.999767721 0.011961535 -0.687021315 0.096071020 -0.010185981 0.995322406 70.000129700
0.995056689 0.018682318 -0.097535275 -4.816880226 -0.018281663 0.999820411 0.004999947 -0.700150847 0.097611181 -0.003192124 0.995219529 70.727249146
0.994932294 0.017920947 -0.098937199 -4.891564846 -0.018098030 0.999835789 -0.000892642 -0.704923630 0.098904960 0.002678687 0.995093286 71.436744690
0.994888484 0.018434038 -0.099282555 -4.966896057 -0.018719515 0.999822915 -0.001944514 -0.712923706 0.099229135 0.003793095 0.995057344 72.126655579
0.994764209 0.021242270 -0.099964917 -5.044506073 -0.021206107 0.999774158 0.001424466 -0.718696654 0.099972591 0.000702859 0.994989932 72.802894592
0.994621098 0.021602161 -0.101303443 -5.118103981 -0.021323349 0.999765217 0.003834412 -0.736932158 0.101362512 -0.001653659 0.994848251 73.452552795
0.994591832 0.018579680 -0.102186047 -5.183456421 -0.018646155 0.999826193 0.000304721 -0.744884014 0.102173932 0.001602304 0.994765222 74.085334778
0.994691849 0.010409549 -0.102370970 -5.233835220 -0.010954055 0.999928653 -0.004758195 -0.756845295 0.102314129 0.005854315 0.994734824 74.705062866
0.994810522 0.006284351 -0.101551205 -5.284996033 -0.007271198 0.999929845 -0.009350486 -0.768339217 0.101485334 0.010040360 0.994786322 75.299331665
0.995093167 0.008468278 -0.098579720 -5.342305183 -0.009434716 0.999911904 -0.009341560 -0.783481896 0.098491907 0.010225793 0.995085299 75.882789612
0.995417893 0.014041358 -0.094583087 -5.402364254 -0.014695889 0.999872565 -0.006227154 -0.797999740 0.094483599 0.007588604 0.995497406 76.444725037
0.995887220 0.012189974 -0.089777388 -5.456307888 -0.012518280 0.999916852 -0.003094717 -0.810945451 0.089732207 0.004205848 0.995957017 76.993423462
0.996441901 0.008546724 -0.083847307 -5.496101379 -0.008533752 0.999963403 0.000513137 -0.814788699 0.083848618 0.000204221 0.996478379 77.551612854
0.997115493 0.004183104 -0.075782426 -5.525471687 -0.003879376 0.999983728 0.004154665 -0.830513239 0.075798564 -0.003848693 0.997115672 78.081047058
0.997846842 0.007591744 -0.065146178 -5.559731007 -0.007351046 0.999965191 0.003933668 -0.836904049 0.065173782 -0.003446306 0.997867942 78.591796875
0.998661816 0.012905915 -0.050078478 -5.583069324 -0.012750181 0.999912798 0.003428043 -0.845743835 0.050118346 -0.002784946 0.998739302 79.098564148
0.999338925 0.017895598 -0.031643409 -5.602193832 -0.017783962 0.999834597 0.003805932 -0.848922729 0.031706285 -0.003240671 0.999491930 79.583770752
0.999816239 0.016566759 -0.009641171 -5.593968391 -0.016524110 0.999853432 0.004487089 -0.857421935 0.009714093 -0.004326954 0.999943495 80.061325073
0.999771893 0.013300863 0.016713928 -5.565133572 -0.013389849 0.999896705 0.005223292 -0.862190187 -0.016642731 -0.005445898 0.999846637 80.527503967
0.998850107 0.012220978 0.046358652 -5.523558617 -0.012551748 0.999897778 0.006850543 -0.870443404 -0.046270195 -0.007424548 0.998901367 80.985855103
0.996768057 0.011931509 0.079441577 -5.466664314 -0.012651573 0.999883354 0.008566944 -0.880581319 -0.079330087 -0.009544317 0.996802747 81.440765381
0.993071616 0.011321778 0.116963707 -5.395624161 -0.012463645 0.999881506 0.009035764 -0.887822866 -0.116847537 -0.010430956 0.993095040 81.856353760
0.987278223 0.011619348 0.158577591 -5.301488876 -0.013165864 0.999875426 0.008705330 -0.890273690 -0.158456668 -0.010682391 0.987308085 82.283081055
0.979049921 0.010981855 0.203323334 -5.180461884 -0.012997992 0.999878705 0.008583197 -0.896417618 -0.203204393 -0.011046175 0.979074001 82.696350098
0.967495859 0.013375351 0.252533168 -5.053983688 -0.015479933 0.999859989 0.006348826 -0.905111730 -0.252412915 -0.010051659 0.967567444 83.095062256
0.952082276 0.013854722 0.305528045 -4.905172348 -0.015745081 0.999869168 0.003723733 -0.918856442 -0.305436403 -0.008355865 0.952175796 83.465553284
0.932248116 0.014725724 0.361519665 -4.736991882 -0.016187657 0.999868393 0.001015513 -0.917219043 -0.361457199 -0.006798867 0.932363927 83.817863464
0.908014536 0.015059670 0.418667734 -4.534614563 -0.016220329 0.999868095 -0.000786756 -0.924530029 -0.418624371 -0.006076540 0.908139229 84.167976379
0.878968120 0.015426560 0.476630896 -4.319087982 -0.016038192 0.999867439 -0.002785082 -0.932667673 -0.476610720 -0.005196300 0.879099190 84.491149902
0.845731437 0.014028760 0.533424258 -4.071941376 -0.013154566 0.999898672 -0.005440523 -0.936403453 -0.533446550 -0.002415742 0.845830441 84.794380188
0.808386326 0.014465943 0.588474512 -3.815250397 -0.012433190 0.999894500 -0.007500064 -0.940269947 -0.588520885 -0.001253664 0.808480978 85.090225220
0.768326700 0.012476795 0.639936209 -3.534366608 -0.011059977 0.999919534 -0.006216422 -0.954857945 -0.639962316 -0.002301437 0.768402815 85.368789673
0.726895154 0.012359682 0.686637282 -3.249465942 -0.012977044 0.999906719 -0.004260736 -0.963745117 -0.686625898 -0.005813415 0.726987660 85.579544067
0.681263924 0.011522925 0.731947184 -2.946498871 -0.012056326 0.999917150 -0.004520040 -0.967421651 -0.731938601 -0.005745254 0.681346297 85.813705444
0.634768009 0.010356264 0.772633374 -2.623294830 -0.009132296 0.999940813 -0.005900295 -0.974893451 -0.772648811 -0.003310598 0.634825110 86.019821167
0.587913454 0.007660076 0.808887601 -2.289314270 -0.003401848 0.999969780 -0.006997081 -0.985259473 -0.808916748 0.001361964 0.587921619 86.201431274
0.541381359 0.009257889 0.840726256 -1.951885223 -0.005106630 0.999957144 -0.007722918 -0.998412073 -0.840761662 -0.000112234 0.541405380 86.370712280
0.494472682 0.012572102 0.869102359 -1.613857269 -0.008490726 0.999917448 -0.009633659 -1.003832221 -0.869151711 -0.002615731 0.494538546 86.521896362
0.448852479 0.015117603 0.893478036 -1.273071289 -0.009651936 0.999880552 -0.012069132 -1.010407209 -0.893553674 -0.003206534 0.448944867 86.660530090
0.404008031 0.012661222 0.914667845 -0.936176300 -0.002655370 0.999916255 -0.012668394 -1.018548727 -0.914751530 0.002689351 0.404007763 86.795761108
0.364652902 0.004894083 0.931130648 -0.567356110 0.012626924 0.999868333 -0.010200374 -1.024312258 -0.931057870 0.015476910 0.364543080 86.880378723
0.328971207 0.001035967 0.944339454 -0.199747086 0.016781276 0.999835074 -0.006942791 -1.030908823 -0.944190800 0.018131196 0.328899533 86.972572327
0.296466947 0.005433104 0.955027759 0.172986984 0.014328832 0.999845982 -0.010136138 -1.036711574 -0.954935551 0.016689457 0.296343416 87.064849854
0.265074372 0.012679742 0.964144647 0.531669617 0.003512772 0.999894202 -0.014115669 -1.053938627 -0.964221478 0.007128523 0.265001804 87.164245605
0.236044466 0.017889865 0.971577644 0.919931412 -0.000809031 0.999833822 -0.018213602 -1.062136769 -0.971741915 0.003513183 0.236019701 87.261047363
0.210195854 0.019405484 0.977466702 1.310272217 0.000585620 0.999800384 -0.019974802 -1.078353047 -0.977659106 0.004771045 0.210142493 87.325798035
0.186627388 0.020895053 0.982208490 1.719931602 0.007946988 0.999709010 -0.022777339 -1.088195682 -0.982398629 0.012056476 0.186407000 87.380722046
0.166869491 0.027017310 0.985608757 2.130312920 0.014897346 0.999441206 -0.029918699 -1.092885017 -0.985866427 0.019675473 0.166373789 87.416580200
0.147206888 0.034158066 0.988515675 2.549301147 0.017559536 0.999155700 -0.037140645 -1.085868835 -0.988949835 0.022825236 0.146482795 87.466842651
0.129469737 0.034750193 0.990974188 2.988228798 0.015471168 0.999193192 -0.037059702 -1.100500584 -0.991462648 0.020129632 0.128827631 87.521797180
0.114182405 0.030336814 0.992996454 3.449810982 0.013122472 0.999400377 -0.032041382 -1.128660440 -0.993373036 0.016689131 0.113715835 87.567245483
0.099406898 0.027234232 0.994674087 3.918656349 0.013277683 0.999500096 -0.028693331 -1.148802519 -0.994958222 0.016059279 0.098995596 87.613487244
0.086390503 0.024898143 0.995950162 4.401630402 0.016274922 0.999518991 -0.026399076 -1.163045287 -0.996128321 0.018489642 0.085943714 87.640327454
0.074903682 0.024266178 0.996895552 4.894439220 0.020138597 0.999463081 -0.025841836 -1.177357197 -0.996987402 0.022011723 0.074374780 87.662803650
0.064477958 0.024865864 0.997609317 5.408479214 0.023306103 0.999379277 -0.026416315 -1.194332123 -0.997646809 0.024953654 0.063858405 87.691673279
0.056680895 0.025516577 0.998066306 5.945631027 0.025475565 0.999310791 -0.026995175 -1.207382560 -0.998067200 0.026956409 0.055991784 87.715675354
0.051113989 0.025542259 0.998366058 6.490281582 0.026566617 0.999284506 -0.026925892 -1.231571674 -0.998339415 0.027899502 0.050398830 87.737297058
0.045818228 0.026562106 0.998596489 7.050196648 0.027874881 0.999223232 -0.027857739 -1.248539925 -0.998560786 0.029112149 0.045042217 87.754440308
0.039626263 0.027225651 0.998843551 7.635636330 0.028069368 0.999203920 -0.028349044 -1.269618154 -0.998820245 0.029160270 0.038830515 87.778030396
0.035150956 0.027229737 0.999011040 8.241516113 0.030771477 0.999125242 -0.028315566 -1.286683559 -0.998908162 0.031736355 0.034282308 87.794235229
0.032384738 0.027379859 0.999100506 8.864368439 0.032062605 0.999081731 -0.028418621 -1.304477215 -0.998961031 0.032954089 0.031477138 87.807983398
0.029455859 0.026736351 0.999208450 9.504369736 0.033261247 0.999062359 -0.027712958 -1.328061342 -0.999012530 0.034051221 0.028538959 87.820060730
0.026894921 0.026074793 0.999298096 10.163406372 0.035185575 0.999015570 -0.027014397 -1.350332856 -0.999018908 0.035887424 0.025950985 87.838027954
0.026403887 0.025740277 0.999319851 10.834869385 0.039538145 0.998859227 -0.026773086 -1.370535493 -0.998869061 0.040218171 0.025356043 87.845909119
0.027501270 0.025361750 0.999300003 11.524831772 0.042969719 0.998723984 -0.026529688 -1.390812397 -0.998697758 0.043669235 0.026376391 87.859321594
0.029982779 0.025174472 0.999233305 12.231597900 0.045033429 0.998633623 -0.026510626 -1.416297555 -0.998535335 0.045793772 0.028808121 87.881072998
0.033808097 0.025254076 0.999109268 12.959386826 0.047301758 0.998520017 -0.026839791 -1.436371565 -0.998308241 0.048167013 0.032563500 87.902687073
0.038368881 0.024668237 0.998959124 13.703163147 0.047759395 0.998507559 -0.026491469 -1.459257245 -0.998121500 0.048726127 0.037133470 87.929916382
0.042365920 0.023128165 0.998834491 14.457345009 0.049314581 0.998465061 -0.025211308 -1.482610226 -0.997884333 0.050325193 0.041160338 87.964714050
0.045945574 0.021710522 0.998708010 15.219982147 0.048212118 0.998550594 -0.023925098 -1.504574776 -0.997779846 0.049249064 0.044832259 88.010787964
0.050316554 0.019310636 0.998546660 16.013227463 0.046239968 0.998695910 -0.021643544 -1.527440786 -0.997662306 0.047261786 0.049358014 88.050140381
0.053945351 0.018263482 0.998376906 16.806550980 0.045456402 0.998751283 -0.020726480 -1.550044179 -0.997508645 0.046500709 0.053047795 88.108398438
0.058188166 0.019174432 0.998121560 17.612091064 0.042924386 0.998842955 -0.021690683 -1.574497461 -0.997382343 0.044105902 0.057297792 88.160026550
0.061387837 0.023394354 0.997839749 18.412117004 0.040386602 0.998848319 -0.025902612 -1.599287629 -0.997296512 0.041889474 0.060372319 88.205261230
0.062498227 0.028955847 0.997624993 19.211498260 0.034582667 0.998915970 -0.031159818 -1.622778893 -0.997445762 0.036447968 0.061429109 88.269371033
0.062129606 0.032048889 0.997553408 20.018589020 0.031461157 0.998924673 -0.034052406 -1.653859735 -0.997572064 0.033499848 0.061054509 88.330490112
0.062576003 0.031470206 0.997543812 20.830167770 0.029322242 0.999013305 -0.033355948 -1.690193772 -0.997609377 0.031337507 0.061591476 88.382064819
0.062559985 0.029731564 0.997598171 21.645296097 0.026227919 0.999162018 -0.031422939 -1.726190090 -0.997696459 0.028130747 0.061727758 88.441665649
0.062368121 0.028636442 0.997642219 22.463077545 0.027429920 0.999161482 -0.030394847 -1.759247899 -0.997676194 0.029260920 0.061530329 88.496353149
0.062726632 0.027383491 0.997654915 23.285020828 0.025031803 0.999265909 -0.029001560 -1.801991820 -0.997716904 0.026792273 0.061995115 88.555572510
0.062794268 0.027857544 0.997637630 24.097358704 0.023242960 0.999298334 -0.029366903 -1.838547707 -0.997755766 0.025032122 0.062102716 88.611885071
0.062445302 0.028746173 0.997634292 24.907953262 0.020165090 0.999344707 -0.030057659 -1.871012807 -0.997844636 0.021994347 0.061824709 88.676300049
0.061219566 0.030039271 0.997672260 25.723121643 0.017357256 0.999363780 -0.031155290 -1.907316685 -0.997973442 0.019224163 0.060659215 88.736663818
0.058125012 0.029554345 0.997871697 26.535623550 0.014142933 0.999436915 -0.030424517 -1.945783973 -0.998209059 0.015881257 0.057674307 88.791732788
0.054774929 0.028615363 0.998088598 27.348876953 0.012086238 0.999497056 -0.029319033 -1.972303629 -0.998425603 0.013669086 0.054401524 88.837577820
0.049795020 0.025932424 0.998422742 28.159692764 0.010382113 0.999595463 -0.026480675 -2.007353067 -0.998705506 0.011684344 0.049505632 88.884140015
0.043658502 0.023739930 0.998764396 28.967054367 0.008257786 0.999674916 -0.024122542 -2.041196823 -0.999012411 0.009300736 0.043448262 88.920631409
0.036134116 0.024421275 0.999048412 29.779613495 0.007797992 0.999664009 -0.024718359 -2.070306063 -0.999316514 0.008683748 0.035931535 88.953330994
0.027689226 0.025055686 0.999302447 30.581787109 0.007720428 0.999650657 -0.025278334 -2.102404118 -0.999586761 0.008414981 0.027486112 88.974174500
0.017883204 0.025605740 0.999512076 31.389223099 0.008449207 0.999632537 -0.025759991 -2.130198956 -0.999804378 0.008905754 0.017660283 88.988220215
0.007378540 0.024725623 0.999667048 32.174800873 0.009796547 0.999644518 -0.024797373 -2.161158323 -0.999924839 0.009976255 0.007133692 88.992530823
-0.003495852 0.023737056 0.999712169 32.968917847 0.008718013 0.999680996 -0.023705831 -2.193346977 -0.999956012 0.008632633 -0.003701678 88.992248535
-0.014774864 0.022712294 0.999632835 33.754905701 0.010157798 0.999693751 -0.022563545 -2.225184441 -0.999839365 0.009820697 -0.015001047 88.978782654
-0.025658835 0.023420248 0.999396384 34.527843475 0.010128963 0.999680281 -0.023166848 -2.250036240 -0.999619424 0.009528414 -0.025887858 88.956024170
-0.036784250 0.024101252 0.999032557 35.306362152 0.010081932 0.999667168 -0.023745349 -2.278090477 -0.999272346 0.009198724 -0.037014995 88.926597595
-0.046950154 0.024999620 0.998584509 36.076030731 0.009688050 0.999651313 -0.024570825 -2.311557770 -0.998850167 0.008520734 -0.047175977 88.880249023
-0.057252951 0.026058856 0.998019636 36.839866638 0.010227334 0.999622226 -0.025513990 -2.338059187 -0.998307228 0.008746330 -0.057497829 88.835403442
-0.066553697 0.026637029 0.997427404 37.593421936 0.011689706 0.999595881 -0.025914939 -2.373244047 -0.997714341 0.009934896 -0.066838175 88.775932312
-0.076455347 0.027140869 0.996703506 38.357891083 0.011913774 0.999582946 -0.026305394 -2.402215958 -0.997001708 0.009863312 -0.076746821 88.721466064
-0.085816413 0.027371751 0.995934844 39.095817566 0.012521254 0.999573231 -0.026392831 -2.435162067 -0.996232212 0.010205416 -0.086122513 88.657272339
-0.094239712 0.026590282 0.995194376 39.828250885 0.013978285 0.999580026 -0.025383793 -2.465775490 -0.995451272 0.011518950 -0.094571821 88.579978943
-0.101397865 0.025701696 0.994513810 40.565231323 0.015529103 0.999585330 -0.024249459 -2.494127274 -0.994724691 0.012985063 -0.101754956 88.495712280
-0.106531754 0.023950778 0.994020700 41.285263062 0.018295253 0.999587834 -0.022124166 -2.523241520 -0.994140983 0.015828935 -0.106926039 88.415855408
-0.110387884 0.022587441 0.993631840 41.993198395 0.021444909 0.999563098 -0.020339847 -2.546848059 -0.993657112 0.019063072 -0.110824049 88.330001831
-0.113324769 0.021585459 0.993323445 42.700054169 0.023155348 0.999549747 -0.019079056 -2.571362972 -0.993288100 0.020838626 -0.113773569 88.253135681
-0.115062766 0.020568840 0.993145227 43.383430481 0.022856545 0.999575734 -0.018053934 -2.597684622 -0.993095279 0.020622535 -0.115484081 88.174560547
-0.115828842 0.021121981 0.993044615 44.044212341 0.024370149 0.999533296 -0.018417461 -2.619909048 -0.992970169 0.022067368 -0.116289541 88.095306396
-0.114751659 0.022186235 0.993146479 44.695030212 0.024932859 0.999499917 -0.019447338 -2.641905785 -0.993081272 0.022530362 -0.115247436 88.021118164
-0.111676887 0.023984984 0.993455112 45.312736511 0.026039908 0.999435961 -0.021202169 -2.662708521 -0.993403256 0.023501683 -0.112238482 87.952552795
-0.106410488 0.023968890 0.994033456 45.921730042 0.025343331 0.999449968 -0.021386519 -2.696376085 -0.993999243 0.022916362 -0.106959425 87.880523682
-0.098493084 0.025031056 0.994822800 46.531459808 0.025472039 0.999419451 -0.022624835 -2.715387344 -0.994811654 0.023111776 -0.099073492 87.827362061
-0.087140784 0.025210744 0.995876908 47.107776642 0.024789246 0.999424994 -0.023131467 -2.735630512 -0.995887518 0.022671342 -0.087715648 87.782073975
-0.074050300 0.025270445 0.996934295 47.658554077 0.023651946 0.999442160 -0.023577198 -2.763470650 -0.996973872 0.021833533 -0.074606694 87.757209778
-0.056995153 0.026363242 0.998026371 48.216522217 0.022750106 0.999426067 -0.025101006 -2.791013479 -0.998115242 0.021274572 -0.057562206 87.743011475
-0.035973299 0.028804759 0.998937547 48.736705780 0.019718070 0.999410272 -0.028108317 -2.819499016 -0.999158204 0.018685963 -0.036520060 87.745193481
-0.010788137 0.031969450 0.999430716 49.260002136 0.018612031 0.999322057 -0.031765070 -2.839981079 -0.999768615 0.018258749 -0.011375843 87.745048523
0.017322378 0.033351962 0.999293625 49.771354675 0.016476195 0.999298215 -0.033637732 -2.866513729 -0.999714255 0.017047243 0.016760711 87.775314331
0.050532084 0.033163320 0.998171628 50.273784637 0.014442067 0.999319673 -0.033932589 -2.885562420 -0.998618066 0.016130345 0.050018772 87.822006226
0.089203835 0.030343756 0.995551050 50.762756348 0.013548039 0.999406397 -0.031675201 -2.913405418 -0.995921195 0.016313311 0.088739790 87.880622864
0.130284756 0.026896920 0.991111636 51.256008148 0.011016517 0.999530971 -0.028573554 -2.932266712 -0.991415501 0.014641297 0.129927352 87.983612061
0.176830277 0.023033079 0.983971834 51.773563385 0.007983265 0.999659717 -0.024834985 -2.953047514 -0.984208941 0.012246885 0.176586196 88.078132629
0.225574344 0.019579835 0.974029243 52.256042480 0.003352329 0.999776483 -0.020873770 -2.974426985 -0.974220157 0.007973853 0.225458279 88.220161438
0.277846187 0.017498633 0.960466146 52.725223541 -0.000825192 0.999838114 -0.017977234 -3.000782967 -0.960625231 0.004202337 0.277815610 88.379760742
0.331782043 0.017754357 0.943189085 53.177337646 -0.002324295 0.999835253 -0.018003043 -3.011135817 -0.943353236 0.003780838 0.331768602 88.584770203
0.388091832 0.018319322 0.921438575 53.597503662 0.000701943 0.999796271 -0.020172803 -3.024093390 -0.921620369 0.008475700 0.387999982 88.805709839
0.449000061 0.020849617 0.893288493 54.019203186 0.001539725 0.999708176 -0.024107406 -3.048895121 -0.893530309 0.012199648 0.448837012 89.041854858
0.509195387 0.024557952 0.860300541 54.417015076 0.002075355 0.999554813 -0.029761437 -3.064736605 -0.860648453 0.016939815 0.508917809 89.306716919
0.568453193 0.029048720 0.822202504 54.773952484 -0.001582153 0.999413252 -0.034215771 -3.071565628 -0.822714031 0.018149216 0.568165720 89.583877563
0.621235192 0.032141965 0.782964706 55.091384888 -0.005512930 0.999313116 -0.036649227 -3.083945513 -0.783604920 0.018451359 0.620985508 89.935638428
0.674980640 0.032488335 0.737119794 55.422561646 -0.007181691 0.999272108 -0.037466340 -3.106105566 -0.737800479 0.019995289 0.674722672 90.275924683
0.723777235 0.030016715 0.689380407 55.711860657 -0.007255083 0.999329269 -0.035895303 -3.128439188 -0.689995348 0.020978693 0.723509610 90.635841370
0.768047333 0.028230758 0.639770389 55.954605103 -0.010765513 0.999455869 -0.031178331 -3.135601282 -0.640302598 0.017058976 0.767933249 91.019607544
0.810355067 0.024403242 0.585430443 56.219974518 -0.012022334 0.999614477 -0.025026828 -3.137249470 -0.585815668 0.013242376 0.810336173 91.422035217
0.847314894 0.022465160 0.530615270 56.442020416 -0.014920448 0.999717534 -0.018500203 -3.146321535 -0.530881166 0.007758479 0.847410798 91.845161438
0.878423035 0.019467937 0.477486908 56.626468658 -0.016029207 0.999807894 -0.011275230 -3.152961016 -0.477614701 0.002250683 0.878566444 92.277984619
0.904292524 0.020460930 0.426422596 56.791458130 -0.020052077 0.999784052 -0.005448980 -3.165686607 -0.426441967 -0.003623190 0.904507637 92.712120056
0.923860729 0.022437202 0.382070303 56.890357971 -0.023772938 0.999716640 -0.001224782 -3.186688900 -0.381989539 -0.007951407 0.924132466 93.099380493
0.939138651 0.027488707 0.342436731 57.020225525 -0.029981101 0.999548435 0.001986116 -3.196023464 -0.342227489 -0.012131868 0.939538836 93.563934326
0.951021254 0.031857517 0.307479680 57.129669189 -0.033849370 0.999426246 0.001145524 -3.196418762 -0.307266742 -0.011497410 0.951553941 94.021972656
0.960245073 0.034322049 0.277040482 57.234600067 -0.036174763 0.999344170 0.001577748 -3.198791742 -0.276804715 -0.011536902 0.960856974 94.486427307
0.966374815 0.028992528 0.255498022 57.343688965 -0.030456163 0.999534488 0.001773141 -3.203675270 -0.255327702 -0.009495012 0.966808021 94.951675415
0.970378757 0.026175795 0.240166515 57.450668335 -0.027676858 0.999612689 0.002878740 -3.216006279 -0.239998147 -0.009440523 0.970727503 95.432029724
0.973277807 0.030647678 0.227576584 57.545745850 -0.032097787 0.999481082 0.002672893 -3.220912695 -0.227376625 -0.009906173 0.973756492 95.927688599
0.975264072 0.035845622 0.218117163 57.633075714 -0.037550922 0.999287903 0.003676782 -3.221417904 -0.217830092 -0.011776336 0.975915730 96.443801880
0.976608634 0.042034179 0.210875899 57.747665405 -0.043328609 0.999059737 0.001519553 -3.206753016 -0.210613742 -0.010620967 0.977511704 96.919151306
0.976899505 0.047975373 0.208244324 57.840393066 -0.048639953 0.998814523 -0.001931169 -3.212901115 -0.208090097 -0.008242436 0.978074908 97.437011719
0.977049172 0.049670752 0.207141683 57.951850891 -0.049808830 0.998748422 -0.004552002 -3.220403671 -0.207108513 -0.005869956 0.978300393 97.975929260
0.976487696 0.048610739 0.210021004 58.064033508 -0.047867287 0.998816490 -0.008624853 -3.226791859 -0.210191682 -0.001631071 0.977658927 98.510093689
0.975735426 0.047493104 0.213740349 58.192661285 -0.045467924 0.998862207 -0.014383877 -3.242571354 -0.214180306 0.004316527 0.976784706 99.056846619
0.974997997 0.046724360 0.217245221 58.328056335 -0.043533411 0.998862565 -0.019453701 -3.240123749 -0.217907041 0.009509895 0.975923181 99.609138489
0.973798513 0.051157106 0.221583635 58.453140259 -0.048022773 0.998655677 -0.019513268 -3.245045424 -0.222283974 0.008360932 0.974946082 100.187736511
0.972237051 0.054657437 0.227524981 58.579452515 -0.052531887 0.998500586 -0.015391886 -3.260609627 -0.228025153 0.003012244 0.973650634 100.785263062
0.971335292 0.051182400 0.232138023 58.728752136 -0.050003301 0.998688877 -0.010964665 -3.271704197 -0.232394874 -0.000957303 0.972621083 101.377380371
0.970528126 0.047089469 0.236342177 58.875637054 -0.047252432 0.998870611 -0.004977802 -3.288927078 -0.236309677 -0.006336646 0.971657157 101.999862671
0.969813466 0.044614077 0.239731967 59.037437439 -0.045895334 0.998946249 -0.000238401 -3.299840450 -0.239489987 -0.010771375 0.970839143 102.618614197
0.969294071 0.039902572 0.242645726 59.199150085 -0.041212592 0.999150336 0.000323275 -3.306347847 -0.242426679 -0.010313406 0.970114946 103.254684448
0.969290078 0.036333095 0.243221164 59.358631134 -0.036706101 0.999321580 -0.002999649 -3.312253475 -0.243165180 -0.006020172 0.969966233 103.897735596
0.969432294 0.035729147 0.242743462 59.522758484 -0.034400936 0.999360979 -0.009709551 -3.323668957 -0.242935285 0.001062151 0.970041931 104.542266846
0.969639719 0.038128812 0.241546914 59.686916351 -0.035202645 0.999245286 -0.016419806 -3.332915068 -0.241990730 0.007418206 0.970250189 105.182716370
0.970252633 0.040909190 0.238613099 59.849044800 -0.037116118 0.999103308 -0.020369802 -3.339935303 -0.239232510 0.010907461 0.970901072 105.859077454
0.970844984 0.039733890 0.236391589 60.012771606 -0.036940649 0.999185622 -0.016235283 -3.347106218 -0.236844152 0.007029488 0.971522272 106.558822632
0.971226573 0.035534766 0.235491246 60.176429749 -0.034558844 0.999368429 -0.008271434 -3.368166924 -0.235636458 -0.000104869 0.971841276 107.265594482
0.971856833 0.035661288 0.232857272 60.349365234 -0.036085363 0.999345720 -0.002439874 -3.381465435 -0.232791916 -0.006031533 0.972507775 107.980728149
0.972131908 0.039286438 0.231119365 60.510848999 -0.039614029 0.999209821 -0.003224910 -3.391757011 -0.231063426 -0.006020531 0.972920060 108.707435608
0.972407222 0.044714894 0.228964686 60.667789459 -0.044124085 0.998996377 -0.007701817 -3.402273655 -0.229079232 -0.002613553 0.973404169 109.438140869
0.973276734 0.045752112 0.225031182 60.832656860 -0.043963090 0.998949170 -0.012957217 -3.412863016 -0.225387484 0.002717893 0.974265397 110.162078857
0.974265337 0.044171985 0.221033812 61.003795624 -0.041685089 0.999004245 -0.015905531 -3.425196648 -0.221516281 0.006282392 0.975136399 110.918914795
0.975201309 0.042229552 0.217253312 61.170989990 -0.040070005 0.999094009 -0.014337954 -3.439630985 -0.217661962 0.005277050 0.976009905 111.692855835
0.976072550 0.038334843 0.214039087 61.340019226 -0.036579348 0.999256790 -0.012157805 -3.456690788 -0.214346081 0.004037489 0.976749420 112.471435547
0.976527274 0.036891375 0.212210640 61.510135651 -0.035745174 0.999318302 -0.009236453 -3.471983433 -0.212406725 0.001434140 0.977180362 113.263565063
0.976885080 0.034018610 0.211040750 61.680011749 -0.033295430 0.999421239 -0.006980140 -3.482696533 -0.211156085 -0.000207901 0.977452278 114.067352295
0.977117002 0.028871814 0.210733861 61.853523254 -0.028300716 0.999583185 -0.005726031 -3.499330521 -0.210811287 -0.000368914 0.977526665 114.853309631
0.977216363 0.029865697 0.210133940 62.021255493 -0.029656840 0.999551594 -0.004145733 -3.511744976 -0.210163504 -0.002180630 0.977663815 115.656448364
0.976958215 0.035273001 0.210495725 62.185920715 -0.034818493 0.999376476 -0.005866140 -3.528429508 -0.210571349 -0.001598167 0.977577269 116.476623535
0.976663232 0.040753070 0.210874468 62.359165192 -0.039666083 0.999169052 -0.009383753 -3.536448002 -0.211081639 0.000800202 0.977468133 117.294769287
0.976052582 0.049477864 0.211833417 62.522037506 -0.048241355 0.998775184 -0.011004737 -3.546523571 -0.212118447 0.000522070 0.977243900 118.127571106
0.975083947 0.055338982 0.214823112 62.686561584 -0.054305736 0.998467028 -0.010713469 -3.557628632 -0.215086639 -0.001219595 0.976594210 118.959373474
0.974231243 0.058097232 0.217940867 62.856666565 -0.057594486 0.998302519 -0.008664113 -3.580568314 -0.218074292 -0.004111344 0.975923598 119.788772583
0.973681271 0.058476537 0.220284045 63.048763275 -0.057882152 0.998281360 -0.009157581 -3.605985165 -0.220440999 -0.003833947 0.975392759 120.629554749
0.973346591 0.056904618 0.222166806 63.235786438 -0.055578854 0.998379469 -0.012220180 -3.616918087 -0.222502172 -0.000453301 0.974932134 121.456687927
0.973299444 0.050719019 0.223864868 63.426132202 -0.049553301 0.998712778 -0.010825844 -3.634967327 -0.224125803 -0.000556453 0.974560082 122.309997559
0.973666251 0.044172719 0.223657176 63.634422302 -0.042479072 0.999020696 -0.012380580 -3.658755779 -0.223985031 0.002553805 0.974589229 123.138687134
0.973451793 0.043148171 0.224788457 63.826187134 -0.041475777 0.999065459 -0.012158936 -3.683233976 -0.225103006 0.002512861 0.974331677 123.964706421
0.972873628 0.045689192 0.226780921 64.015777588 -0.044734623 0.998955131 -0.009349667 -3.699781179 -0.226971149 -0.001048919 0.973900914 124.813125610
0.972414672 0.047677804 0.228334352 64.200439453 -0.048119258 0.998834908 -0.003636752 -3.715137720 -0.228241727 -0.007450850 0.973575950 125.655326843
0.972001970 0.051645007 0.229227081 64.388420105 -0.053170238 0.998585284 0.000478265 -3.735515833 -0.228878081 -0.012652935 0.973372936 126.496040344
0.971830726 0.050622754 0.230178908 64.575950623 -0.050613794 0.998700619 -0.005947258 -3.751233816 -0.230180874 -0.005870499 0.973130167 127.308204651
0.972137928 0.046699706 0.229710713 64.773345947 -0.043142345 0.998858869 -0.020487124 -3.769990921 -0.230405331 0.010006050 0.973043263 128.120056152
